Менеджер
Петрулевич Кирилл
25 815 713,13
0
Группа_номенклатуры
Бензоинструмент
14 535 334,78
1 741 058,17
Группа_номенклатуры
Ручной инструмент
11 280 378,35
932 120,54
Менеджер
Попкова Людмила
9 289 396,82
0
Группа_номенклатуры
Кабельная продукция
2 180 000
597 327,99
Группа_номенклатуры
Рексант
3 200 000
783 723,24
Группа_номенклатуры
ТДМ
3 909 396,82
1 082 329,47
Менеджер
Ульдина Наталья
14 124 323,75
0
Группа_номенклатуры
Китайские обои
3 500 000
634 810,04
Группа_номенклатуры
Обои
10 624 323,75
4 947 413,24
Менеджер
Ананьев Андрей
29 993 372,72
0
Группа_номенклатуры
Ковровое покрытие
5 460 298,67
1 333 469,27
Группа_номенклатуры
Линолеум
20 000 000
2 188 515,01
Группа_номенклатуры
Плинтус напольный
1 841 395,1
354 481,45
Группа_номенклатуры
Порожки
2 691 678,95
525 994,27
Менеджер
Рочев Вадим
35 081 731,94
0
Группа_номенклатуры
Печное оборудование
1 579 548,6
693 263,66
Группа_номенклатуры
Сантехника
33 502 183,34
10 950 478,47
